{
 "cells": [
  {
   "cell_type": "code",
   "execution_count": 1,
   "id": "b809ffc1-c4ad-48fd-b097-460ead53cae1",
   "metadata": {
    "tags": []
   },
   "outputs": [],
   "source": [
    "import numpy as np\n",
    "from typing import Any, List, Dict\n",
    "import yaml\n",
    "import os\n",
    "new_directory = '/home/franciscoperez/Documents/GitHub/CNN-PELSVAE2/cnn-pels-vae/'\n",
    "os.chdir(new_directory)\n",
    "import src.gmm.bgmm as bgmm \n",
    "import src.utils as utils\n",
    "from src.sampler.getbatch import SyntheticDataBatcher\n",
    "from src.utils import load_pp_list\n",
    "import pickle\n",
    "import matplotlib.pyplot as plt\n",
    "from scipy.stats import multivariate_normal\n",
    "\n",
    "np.set_printoptions(precision=4)\n",
    "\n",
    "class ModifiedGaussianSampler:\n",
    "    def __init__(self, b: float = 0.5, components: int = 3, features: int = 3) -> None:\n",
    "        self.model: Any = None\n",
    "        self.b: float = b\n",
    "        self.Z: Any = None\n",
    "        self.q: Any = None\n",
    "        self.components: int = components\n",
    "        self.features: int = features\n",
    "\n",
    "    def load_p(self, filename: str) -> None:\n",
    "        print('loading model: ', filename)\n",
    "        with open(filename, 'rb') as file:\n",
    "            params = pickle.load(file)\n",
    "            self.model = params['model']\n",
    "            print(self.model)\n",
    "            print(self.model.weights_)\n",
    "\n",
    "    def p(self, x: np.ndarray) -> np.float64:\n",
    "        return np.exp(self.model.score_samples(x.reshape(1, -1)))\n",
    "\n",
    "    def randomly_select_component(self) -> int:\n",
    "        \"\"\"Randomly select a component based on weights and return its index.\"\"\"\n",
    "        weights = self.model.weights_\n",
    "        selected_component_index = np.random.choice(np.arange(len(weights)), p=weights)\n",
    "        return selected_component_index\n",
    "    \n",
    "    def autocorrelation(self, samples, lag=1):\n",
    "        \"\"\"Compute the autocorrelation of the samples.\"\"\"\n",
    "        n = len(samples)\n",
    "        mean = np.mean(samples, axis=0)\n",
    "        var = np.var(samples, axis=0)\n",
    "        autocorr = np.sum((samples[:-lag] - mean) * (samples[lag:] - mean), axis=0) / (var * (n - lag))\n",
    "        return autocorr\n",
    "\n",
    "    def check_convergence(self, samples, max_lag=10):\n",
    "        \"\"\"Check the convergence of the algorithm by assessing the autocorrelation of the samples.\"\"\"\n",
    "        for lag in range(1, max_lag + 1):\n",
    "            autocorr = self.autocorrelation(samples, lag)\n",
    "            print(f\"Autocorrelation at lag {lag}: {autocorr}\")\n",
    "            if np.all(np.abs(autocorr) < 0.05):\n",
    "                print(\"Convergence likely achieved.\")\n",
    "                return True\n",
    "        print(\"Convergence not yet achieved.\")\n",
    "        return False\n",
    "\n",
    "    \n",
    "    def two_step_sample(self, n_samples: int = 5, first_sample: int = 1000) -> np.ndarray:\n",
    "        # Sample from the GMM\n",
    "        samples, _ = self.model.sample(n_samples = first_sample)\n",
    "\n",
    "        # Calculate the probabilities of the samples\n",
    "        log_probs = self.model.score_samples(samples)\n",
    "        probs = np.exp(log_probs)\n",
    "        \n",
    "        # Modify the probabilities according to p^b\n",
    "        modified_probs = probs ** self.b\n",
    "        modified_probs /= np.sum(modified_probs)  # normalize to create a probability distribution\n",
    "\n",
    "        # Resample a subsample according to the new density\n",
    "        n_resamples = n_samples  # number of samples to resample\n",
    "        resample_indices = np.random.choice(range(len(samples)), size=n_resamples, p=modified_probs)\n",
    "        resampled_samples = samples[resample_indices]\n",
    "        print(\"\\nResampled Samples:\")\n",
    "        print(resampled_samples)\n",
    "\n",
    "        return np.array(resampled_samples)\n",
    "\n",
    "    \n",
    "    def plot_mixture_of_bivariate_gaussians(self, ax, i, j, PP):\n",
    "        # Means and Covariances\n",
    "        means = self.model.means_\n",
    "        covariances = self.model.covariances_\n",
    "        x, y = np.mgrid[means[:, i].min()-3:means[:, i].max()+3:.01,\n",
    "                        means[:, j].min()-3:means[:, j].max()+3:.01]\n",
    "        pos = np.dstack((x, y))\n",
    "        pdf = np.zeros(pos.shape[:2])\n",
    "\n",
    "        # Summing the probability densities of each Gaussian\n",
    "        for k in range(means.shape[0]):\n",
    "            mean_ij = means[k, [i, j]]\n",
    "            covariance_ij = covariances[k, [i, j], :][:, [i, j]]\n",
    "            rv = multivariate_normal(mean_ij, covariance_ij)\n",
    "            pdf += rv.pdf(pos)\n",
    "\n",
    "        ax.contourf(x, y, pdf, cmap='viridis')\n",
    "        ax.set_xlabel(PP[i], fontsize=18)\n",
    "        ax.set_ylabel(PP[j], fontsize=18)\n",
    "        ax.tick_params(axis='both', which='major', labelsize=14)  # Increase tick label size\n",
    "\n",
    "    def plot_samples_densities(self, PP, new_data_points, star_class):\n",
    "        fig, axs = plt.subplots(len(PP), len(PP), figsize=(15, 15))\n",
    "        for i in range(len(PP)):\n",
    "            for j in range(len(PP)):\n",
    "                if i < j:\n",
    "                    self.plot_mixture_of_bivariate_gaussians(axs[i, j], i, j, PP)\n",
    "                    axs[i, j].scatter(new_data_points[:, i], new_data_points[:, j], color='red')\n",
    "                else:\n",
    "                    axs[i, j].axis('off')\n",
    "                axs[i, j].yaxis.set_label_coords(-0.3, 0.5)  # Adjust the x-coordinate for y-axis labels\n",
    "\n",
    "        plt.tight_layout()\n",
    "        plt.savefig(star_class +str(self.b)+ '_density.png')\n",
    "        plt.show()\n",
    "    \n",
    "    def plot_samples_densities_full(self, PP, new_data_points, new_data_points2, star_class):\n",
    "        fig, axs = plt.subplots(len(PP), len(PP), figsize=(15, 15))\n",
    "        for i in range(len(PP)):\n",
    "            for j in range(len(PP)):\n",
    "                if i < j:\n",
    "                    self.plot_mixture_of_bivariate_gaussians(axs[i, j], i, j, PP)\n",
    "                    axs[i, j].scatter(new_data_points[:, i], new_data_points[:, j], color='red')\n",
    "                elif j < i:\n",
    "                    self.plot_mixture_of_bivariate_gaussians(axs[i, j], j, i, PP)\n",
    "                    axs[i, j].scatter(new_data_points2[:, j], new_data_points2[:, i], color='red')\n",
    "                else: \n",
    "                    axs[i, j].axis('off')\n",
    "                axs[i, j].yaxis.set_label_coords(-0.3, 0.5)  # Adjust the x-coordinate for y-axis labels\n",
    "\n",
    "        plt.tight_layout()\n",
    "        plt.savefig(star_class + '_density.png')\n",
    "        plt.show()\n",
    "\n",
    "    def modify_and_sample(self, path: str, n_samples=5, mode='two_steps') -> np.ndarray:\n",
    "        np.set_printoptions(suppress=True)\n",
    "\n",
    "        print(n_samples)\n",
    "        self.load_p(path)\n",
    "        print('Model loaded: ', self.model)\n",
    "        print(self.model.means_)\n",
    "        print('mode: ', mode)\n",
    "        if mode == 'two_steps': \n",
    "            samples = self.two_step_sample(n_samples=n_samples)\n",
    "        else: \n",
    "            raise('The mode ' + mode + 'is not implemented.')\n",
    "        return samples\n"
   ]
  },
  {
   "cell_type": "code",
   "execution_count": 2,
   "id": "cfeb99bf-740a-4dcc-b9df-0faf90186e09",
   "metadata": {
    "tags": []
   },
   "outputs": [
    {
     "name": "stdout",
     "output_type": "stream",
     "text": [
      "100000\n",
      "10000\n",
      "FEATURES:  ['Period', 'teff_val', '[Fe/H]_J95', 'abs_Gmag', 'radius_val', 'logg']\n",
      "Using vae model: gn42liaz\n",
      "sufix path: GAIA3_LOG_IMPUTED_BY_CLASS_6PP\n"
     ]
    }
   ],
   "source": [
    "with open('src/configuration/nn_config.yaml', 'r') as file:\n",
    "    nn_config = yaml.safe_load(file)\n",
    "\n",
    "ITERATIONS_MH: int = nn_config['sampling']['iterations']\n",
    "BURNIN_MH: int = nn_config['sampling']['burnin']\n",
    "print(ITERATIONS_MH)\n",
    "print(BURNIN_MH)\n",
    "    \n",
    "with open('src/configuration/paths.yaml', 'r') as file:\n",
    "    YAML_FILE: Dict[str, Any] = yaml.safe_load(file)\n",
    "\n",
    "PATHS: Dict[str, str] = YAML_FILE['paths']\n",
    "PATH_MODELS: str = PATHS['PATH_MODELS']\n",
    "\n",
    "with open('src/configuration/regressor.yaml', 'r') as file:\n",
    "    config_file = yaml.safe_load(file)\n",
    "vae_model: str =   config_file['model_parameters']['ID'] \n",
    "\n",
    "PP = utils.load_pp_list(vae_model)\n",
    "\n",
    "n_samples = 16 \n",
    "\n",
    "print('Using vae model: '+ vae_model)\n",
    "\n",
    "sufix_path: str =   config_file['model_parameters']['sufix_path']\n",
    "\n",
    "print('sufix path: '+ sufix_path)\n",
    "\n",
    "synthetic_samples_by_class = 64\n",
    "\n",
    "seq_length = 300"
   ]
  },
  {
   "cell_type": "code",
   "execution_count": 3,
   "id": "688d3bab",
   "metadata": {},
   "outputs": [],
   "source": [
    "#PP = ['Period', 'teff_val', '[Fe/H]_J95', 'abs_Gmag', 'radius_val', 'logg']\n",
    "\n",
    "PP =  [r'$\\log P$', r'$\\log T_{\\rm eff}$', '[Fe/H]',  '$M_G$', r'$\\log R$', r'$\\log g$']"
   ]
  },
  {
   "cell_type": "code",
   "execution_count": 4,
   "id": "bbb0a36a-f1db-471a-a38f-94f6cacb0f95",
   "metadata": {
    "tags": []
   },
   "outputs": [
    {
     "data": {
      "text/plain": [
       "<__main__.ModifiedGaussianSampler at 0x7fedea3dbdd0>"
      ]
     },
     "execution_count": 4,
     "metadata": {},
     "output_type": "execute_result"
    }
   ],
   "source": [
    "sampler = ModifiedGaussianSampler(b=1, components=3, features=PP)\n",
    "sampler"
   ]
  },
  {
   "cell_type": "code",
   "execution_count": 5,
   "id": "f5d52c25-23fc-47d4-b6e2-f9c24b9fae7f",
   "metadata": {
    "tags": []
   },
   "outputs": [
    {
     "name": "stdout",
     "output_type": "stream",
     "text": [
      "ACEP\n",
      "{'CompleteName': 'Anomalous Cepheids', 'max_period': 2.5, 'min_period': 0.3, 'Binary': {'Period': [1, 10], 'teff_val': [5000, 6000], 'FeH_J95': [-0.1, 0.1], 'abs_Gmag': [0.5, 2.0], 'radius_val': [0.8, 1.5], 'logg': [3.5, 4.5], 'Midpoints': {'Period': 5.5, 'teff_val': 5500, 'FeH_J95': 0.0, 'abs_Gmag': 1.25, 'radius_val': 1.15, 'logg': 4}}, 'Ternary': {'Period': [5, 20], 'teff_val': [4500, 5600], 'FeH_J95': [-0.2, 0.2], 'abs_Gmag': [0.7, 2.5], 'radius_val': [1, 2], 'logg': [3, 4], 'Midpoints': {'Period': 12.5, 'teff_val': 5050, 'FeH_J95': 0.0, 'abs_Gmag': 1.6, 'radius_val': 1.5, 'logg': 3.5}}, 'Pulsating': {'Period': [0.5, 8], 'teff_val': [5200, 5800], 'FeH_J95': [-0.1, 0.1], 'abs_Gmag': [0.6, 1.8], 'radius_val': [0.9, 1.4], 'logg': [3.8, 4.2], 'Midpoints': {'Period': 4.25, 'teff_val': 5500, 'FeH_J95': 0.0, 'abs_Gmag': 1.2, 'radius_val': 1.15, 'logg': 4}}}\n",
      "[[1.7047 8.6125 0.     1.25   0.1398 4.    ]\n",
      " [2.5257 8.5271 0.     1.6    0.4055 3.5   ]\n",
      " [1.4469 8.6125 0.     1.2    0.1398 4.    ]]\n",
      "3\n",
      "<src.gmm.bgmm.BayesianGaussianMixtureModel object at 0x7fee0831e790>\n",
      "Hyperparameters:\n",
      "BayesianGaussianMixture(max_iter=5000,\n",
      "                        mean_prior=array([1.8925, 8.5841, 0.    , 1.35  , 0.2283, 3.8333]),\n",
      "                        n_components=3, random_state=42)\n",
      "\n",
      "Fitted Means:\n",
      "[[ 0.0425  3.7776 -3.3792  5.5154 -0.4116  4.6493]\n",
      " [-0.0002  3.7963 -1.5597  5.1744 -0.313   4.6095]\n",
      " [-0.0583  3.849  -2.0924  4.0473 -0.0232  4.4104]]\n",
      "\n",
      "Fitted Covariances:\n",
      "[[[ 0.0962 -0.001  -0.0433  0.0502 -0.0072 -0.0018]\n",
      "  [-0.001   0.0076  0.0094 -0.0162  0.003  -0.002 ]\n",
      "  [-0.0433  0.0094  0.4921 -0.0945  0.0185 -0.0091]\n",
      "  [ 0.0502 -0.0162 -0.0945  0.1915 -0.0405  0.0191]\n",
      "  [-0.0072  0.003   0.0185 -0.0405  0.0092 -0.0049]\n",
      "  [-0.0018 -0.002  -0.0091  0.0191 -0.0049  0.0036]]\n",
      "\n",
      " [[ 0.4354  0.0217 -0.2568 -0.0462  0.0218 -0.0236]\n",
      "  [ 0.0217  0.0573  0.0159 -0.0479  0.0068 -0.0093]\n",
      "  [-0.2568  0.0159  0.2757  0.0469 -0.0182  0.015 ]\n",
      "  [-0.0462 -0.0479  0.0469  0.1156 -0.0321  0.0257]\n",
      "  [ 0.0218  0.0068 -0.0182 -0.0321  0.0118 -0.0094]\n",
      "  [-0.0236 -0.0093  0.015   0.0257 -0.0094  0.0083]]\n",
      "\n",
      " [[ 0.4116  0.0211  0.1023 -0.0411  0.0243 -0.0309]\n",
      "  [ 0.0211  0.0573  0.0194 -0.039   0.0049 -0.0084]\n",
      "  [ 0.1023  0.0194  0.7491  0.169  -0.0615  0.0638]\n",
      "  [-0.0411 -0.039   0.169   0.2263 -0.0686  0.0589]\n",
      "  [ 0.0243  0.0049 -0.0615 -0.0686  0.0226 -0.0196]\n",
      "  [-0.0309 -0.0084  0.0638  0.0589 -0.0196  0.0182]]]\n",
      "CEP\n",
      "{'CompleteName': 'Classical Cepheids', 'max_period': 200, 'min_period': 1, 'Fundamental': {'Period': [1, 200], 'teff_val': [5000, 8000], 'FeH_J95': [-0.3, 0.3], 'abs_Gmag': [-2, 2], 'radius_val': [20, 60], 'logg': [0.5, 2.0], 'Midpoints': {'Period': 100.5, 'teff_val': 6500, 'FeH_J95': 0, 'abs_Gmag': 0, 'radius_val': 40, 'logg': 1.25}}, 'First-overtone': {'Period': [1, 5], 'teff_val': [5200, 7800], 'FeH_J95': [-0.25, 0.25], 'abs_Gmag': [-1, 1], 'radius_val': [18, 55], 'logg': [0.7, 1.9], 'Midpoints': {'Period': 3, 'teff_val': 6500, 'FeH_J95': 0, 'abs_Gmag': 0, 'radius_val': 36.5, 'logg': 1.3}}, 'Second-overtone': {'Period': [5, 10], 'teff_val': [5400, 7700], 'FeH_J95': [-0.2, 0.2], 'abs_Gmag': [-1, 1], 'radius_val': [17, 50], 'logg': [0.8, 1.8], 'Midpoints': {'Period': 7.5, 'teff_val': 6550, 'FeH_J95': 0, 'abs_Gmag': 0, 'radius_val': 33.5, 'logg': 1.3}}, 'Multi-tone': {'Period': [1, 100], 'teff_val': [5300, 7900], 'FeH_J95': [-0.3, 0.3], 'abs_Gmag': [-2, 2], 'radius_val': [20, 60], 'logg': [0.5, 2.0], 'Midpoints': {'Period': 50.5, 'teff_val': 6600, 'FeH_J95': 0, 'abs_Gmag': 0, 'radius_val': 40, 'logg': 1.25}}}\n",
      "[[4.6102 8.7796 0.     0.     3.6889 1.25  ]\n",
      " [1.0986 8.7796 0.     0.     3.5973 1.3   ]\n",
      " [2.0149 8.7872 0.     0.     3.5115 1.3   ]\n",
      " [3.922  8.7948 0.     0.     3.6889 1.25  ]]\n",
      "4\n",
      "<src.gmm.bgmm.BayesianGaussianMixtureModel object at 0x7fedea3db490>\n",
      "Hyperparameters:\n",
      "BayesianGaussianMixture(max_iter=5000,\n",
      "                        mean_prior=array([2.9114, 8.7853, 0.    , 0.    , 3.6217, 1.275 ]),\n",
      "                        n_components=4, random_state=42)\n",
      "\n",
      "Fitted Means:\n",
      "[[ 1.094   3.7909 -0.7561  2.6847  0.7982  3.7914]\n",
      " [ 0.4873  3.771  -3.7535  5.0978 -0.1712  4.4524]\n",
      " [ 1.6934  3.8754 -0.7959  0.409   1.7181  3.2054]\n",
      " [ 0.5986  3.7656 -1.6281  4.9092 -0.0919  4.4325]]\n",
      "\n",
      "Fitted Covariances:\n",
      "[[[ 0.2533 -0.0119  0.0545 -0.2299  0.1726 -0.1323]\n",
      "  [-0.0119  0.0085  0.0023 -0.0055 -0.0053  0.0065]\n",
      "  [ 0.0545  0.0023  0.2826 -0.1679  0.0657 -0.0104]\n",
      "  [-0.2299 -0.0055 -0.1679  0.687  -0.3061  0.1803]\n",
      "  [ 0.1726 -0.0053  0.0657 -0.3061  0.1835 -0.1298]\n",
      "  [-0.1323  0.0065 -0.0104  0.1803 -0.1298  0.1028]]\n",
      "\n",
      " [[ 0.1067  0.0082 -0.0096 -0.1068  0.0668 -0.0523]\n",
      "  [ 0.0082  0.0244  0.0215 -0.0424  0.0217 -0.0171]\n",
      "  [-0.0096  0.0215  0.1278 -0.0867  0.0264 -0.0219]\n",
      "  [-0.1068 -0.0424 -0.0867  0.9896 -0.3774  0.2755]\n",
      "  [ 0.0668  0.0217  0.0264 -0.3774  0.1609 -0.1208]\n",
      "  [-0.0523 -0.0171 -0.0219  0.2755 -0.1208  0.093 ]]\n",
      "\n",
      " [[ 0.94   -0.0651  0.1409 -0.3379  0.5206 -0.467 ]\n",
      "  [-0.0651  0.1556  0.041  -0.069  -0.0381  0.0565]\n",
      "  [ 0.1409  0.041   0.5035 -0.2567  0.0545  0.0399]\n",
      "  [-0.3379 -0.069  -0.2567  1.7149 -0.5913  0.279 ]\n",
      "  [ 0.5206 -0.0381  0.0545 -0.5913  0.6016 -0.5234]\n",
      "  [-0.467   0.0565  0.0399  0.279  -0.5234  0.5206]]\n",
      "\n",
      " [[ 0.1496  0.0025  0.0718 -0.171   0.0925 -0.0563]\n",
      "  [ 0.0025  0.0121  0.0051 -0.0208  0.0101 -0.0081]\n",
      "  [ 0.0718  0.0051  0.4932 -0.2659  0.1105 -0.0599]\n",
      "  [-0.171  -0.0208 -0.2659  0.7474 -0.2995  0.179 ]\n",
      "  [ 0.0925  0.0101  0.1105 -0.2995  0.1317 -0.0798]\n",
      "  [-0.0563 -0.0081 -0.0599  0.179  -0.0798  0.0493]]]\n",
      "DSCT\n",
      "{'CompleteName': 'Delta Scuti Variables', 'max_period': 0.3, 'min_period': 0.02, 'Single-mode': {'Period': [0.02, 0.3], 'teff_val': [6500, 8500], 'FeH_J95': [-0.2, 0.2], 'abs_Gmag': [0.5, 4.0], 'radius_val': [1.5, 2.5], 'logg': [3.5, 4.5], 'Midpoints': {'Period': 0.16, 'teff_val': 7500, 'FeH_J95': 0, 'abs_Gmag': 2.25, 'radius_val': 2, 'logg': 4}}, 'Multi-mode': {'Period': [0.02, 0.3], 'teff_val': [6600, 8400], 'FeH_J95': [-0.15, 0.15], 'abs_Gmag': [0.6, 3.8], 'radius_val': [1.4, 2.4], 'logg': [3.6, 4.4], 'Midpoints': {'Period': 0.16, 'teff_val': 7500, 'FeH_J95': 0, 'abs_Gmag': 2.2, 'radius_val': 1.9, 'logg': 4}}}\n",
      "[[-1.8326  8.9227  0.      2.25    0.6931  4.    ]\n",
      " [-1.8326  8.9227  0.      2.2     0.6419  4.    ]]\n",
      "2\n",
      "<src.gmm.bgmm.BayesianGaussianMixtureModel object at 0x7fed5f543e90>\n",
      "Hyperparameters:\n",
      "BayesianGaussianMixture(max_iter=5000,\n",
      "                        mean_prior=array([-1.8326,  8.9227,  0.    ,  2.225 ,  0.6675,  4.    ]),\n",
      "                        n_components=2, random_state=42)\n",
      "\n",
      "Fitted Means:\n",
      "[[-2.0823  3.8923 -0.9814  1.8066  0.7681  3.9446]\n",
      " [-2.2539  3.7542 -2.3201  5.5619 -0.3136  4.5686]]\n",
      "\n",
      "Fitted Covariances:\n",
      "[[[ 0.107   0.0023  0.0382 -0.0694  0.0259 -0.014 ]\n",
      "  [ 0.0023  0.0113 -0.0101 -0.0048 -0.0083  0.0078]\n",
      "  [ 0.0382 -0.0101  0.4257 -0.2577  0.1556 -0.087 ]\n",
      "  [-0.0694 -0.0048 -0.2577  1.4187 -0.6332  0.4089]\n",
      "  [ 0.0259 -0.0083  0.1556 -0.6332  0.3212 -0.2164]\n",
      "  [-0.014   0.0078 -0.087   0.4089 -0.2164  0.1501]]\n",
      "\n",
      " [[ 0.1599 -0.0077  0.42    0.0074  0.0373 -0.024 ]\n",
      "  [-0.0077  0.0239 -0.0306 -0.0656  0.0123 -0.0058]\n",
      "  [ 0.42   -0.0306  1.4926  0.2091  0.079  -0.0515]\n",
      "  [ 0.0074 -0.0656  0.2091  1.1742 -0.2903  0.1482]\n",
      "  [ 0.0373  0.0123  0.079  -0.2903  0.0931 -0.0516]\n",
      "  [-0.024  -0.0058 -0.0515  0.1482 -0.0516  0.0301]]]\n",
      "ECL\n",
      "{'CompleteName': 'Eclipsing Variables', 'max_period': 100, 'min_period': 0.1, 'Binary': {'Period': [1, 10], 'teff_val': [5000, 6000], 'FeH_J95': [-0.1, 0.1], 'abs_Gmag': [0.5, 2.0], 'radius_val': [0.8, 1.5], 'logg': [3.5, 4.5], 'Midpoints': {'Period': 5.5, 'teff_val': 5500, 'FeH_J95': 0, 'abs_Gmag': 1.25, 'radius_val': 1.15, 'logg': 4}}, 'Ternary': {'Period': [5, 20], 'teff_val': [4500, 5600], 'FeH_J95': [-0.2, 0.2], 'abs_Gmag': [0.7, 2.5], 'radius_val': [1, 2], 'logg': [3, 4], 'Midpoints': {'Period': 12.5, 'teff_val': 5050, 'FeH_J95': 0, 'abs_Gmag': 1.6, 'radius_val': 1.5, 'logg': 3.5}}, 'Pulsating': {'Period': [0.5, 8], 'teff_val': [5200, 5800], 'FeH_J95': [-0.1, 0.1], 'abs_Gmag': [0.6, 1.8], 'radius_val': [0.9, 1.4], 'logg': [3.8, 4.2], 'Midpoints': {'Period': 4.25, 'teff_val': 5500, 'FeH_J95': 0, 'abs_Gmag': 1.2, 'radius_val': 1.15, 'logg': 4}}}\n",
      "[[1.7047 8.6125 0.     1.25   0.1398 4.    ]\n",
      " [2.5257 8.5271 0.     1.6    0.4055 3.5   ]\n",
      " [1.4469 8.6125 0.     1.2    0.1398 4.    ]]\n",
      "3\n",
      "<src.gmm.bgmm.BayesianGaussianMixtureModel object at 0x7fed5f946310>\n",
      "Hyperparameters:\n",
      "BayesianGaussianMixture(max_iter=5000,\n",
      "                        mean_prior=array([1.8925, 8.5841, 0.    , 1.35  , 0.2283, 3.8333]),\n",
      "                        n_components=3, random_state=42)\n",
      "\n",
      "Fitted Means:\n",
      "[[ 0.8567  3.8443 -0.5722  2.3848  0.7385  3.9146]\n",
      " [ 0.9866  4.259  -0.5656 -0.1198  0.7346  4.4395]\n",
      " [ 0.093   3.7192 -1.3951  5.5196 -0.1371  4.4348]]\n",
      "\n",
      "Fitted Covariances:\n",
      "[[[ 1.7411 -0.0102  0.1392 -0.6132  0.3538 -0.2551]\n",
      "  [-0.0102  0.0221 -0.0035 -0.1435  0.0086  0.011 ]\n",
      "  [ 0.1392 -0.0035  0.4085 -0.1817  0.0936 -0.0313]\n",
      "  [-0.6132 -0.1435 -0.1817  3.3705 -0.9719  0.4705]\n",
      "  [ 0.3538  0.0086  0.0936 -0.9719  0.4148 -0.2683]\n",
      "  [-0.2551  0.011  -0.0313  0.4705 -0.2683  0.2016]]\n",
      "\n",
      " [[ 0.6461  0.003   0.0254 -0.0466  0.0186 -0.0107]\n",
      "  [ 0.003   0.0171  0.0076 -0.0623  0.0171 -0.0058]\n",
      "  [ 0.0254  0.0076  0.1234 -0.1767  0.0653 -0.0293]\n",
      "  [-0.0466 -0.0623 -0.1767  0.8556 -0.2561  0.0752]\n",
      "  [ 0.0186  0.0171  0.0653 -0.2561  0.0791 -0.0253]\n",
      "  [-0.0107 -0.0058 -0.0293  0.0752 -0.0253  0.0103]]\n",
      "\n",
      " [[ 1.3411  0.0054  0.0026 -0.2359  0.103  -0.0612]\n",
      "  [ 0.0054  0.0126 -0.0075 -0.058   0.0095 -0.005 ]\n",
      "  [ 0.0026 -0.0075  1.2548 -0.1053  0.0897 -0.0267]\n",
      "  [-0.2359 -0.058  -0.1053  1.5311 -0.4394  0.2378]\n",
      "  [ 0.103   0.0095  0.0897 -0.4394  0.1557 -0.0899]\n",
      "  [-0.0612 -0.005  -0.0267  0.2378 -0.0899  0.0557]]]\n",
      "ELL\n",
      "{'CompleteName': 'Ellipsoidal Variables', 'max_period': 200, 'min_period': 0.2, 'ELL': {'Period': [0.2, 200], 'teff_val': [4000, 5500], 'FeH_J95': [-0.5, 0], 'abs_Gmag': [0.5, 5], 'radius_val': [10, 20], 'logg': [0.5, 1.5], 'Midpoints': {'Period': 100, 'teff_val': 4750, 'FeH_J95': -0.25, 'abs_Gmag': 2.75, 'radius_val': 15, 'logg': 1}}}\n",
      "[[ 4.6052  8.4659 -0.25    2.75    2.7081  1.    ]]\n",
      "1\n",
      "<src.gmm.bgmm.BayesianGaussianMixtureModel object at 0x7fed5f54efd0>\n",
      "Hyperparameters:\n",
      "BayesianGaussianMixture(max_iter=5000,\n",
      "                        mean_prior=array([ 4.6052,  8.4659, -0.25  ,  2.75  ,  2.7081,  1.    ]),\n",
      "                        random_state=42)\n",
      "\n",
      "Fitted Means:\n",
      "[[ 2.5598  3.7315 -0.4514  2.3374  1.2951  3.4117]]\n",
      "\n",
      "Fitted Covariances:\n",
      "[[[ 4.3465 -0.0464  0.511  -3.0832  1.7163 -1.3162]\n",
      "  [-0.0464  0.0157 -0.0069 -0.0595 -0.0212  0.0299]\n",
      "  [ 0.511  -0.0069  0.6689 -0.4676  0.2532 -0.1494]\n",
      "  [-3.0832 -0.0595 -0.4676  5.6887 -2.4397  1.7196]\n",
      "  [ 1.7163 -0.0212  0.2532 -2.4397  1.2693 -0.9681]\n",
      "  [-1.3162  0.0299 -0.1494  1.7196 -0.9681  0.7734]]]\n",
      "LPV\n",
      "{'CompleteName': 'Long-Period Variables', 'max_period': 1000, 'min_period': 100, 'LPV': {'Period': [100.0, 1000.0], 'teff_val': [2000, 3500], 'FeH_J95': [-1, 0], 'abs_Gmag': [-1.5, 2.0], 'radius_val': [100, 200], 'logg': [-0.5, 0.5], 'Midpoints': {'Period': 550, 'teff_val': 2750, 'FeH_J95': -0.5, 'abs_Gmag': 0.25, 'radius_val': 150, 'logg': 0}}}\n",
      "[[ 6.3099  7.9194 -0.5     0.25    5.0106  0.    ]]\n",
      "1\n",
      "<src.gmm.bgmm.BayesianGaussianMixtureModel object at 0x7fedd5724ad0>\n",
      "Hyperparameters:\n",
      "BayesianGaussianMixture(max_iter=5000,\n",
      "                        mean_prior=array([ 6.3099,  7.9194, -0.5   ,  0.25  ,  5.0106,  0.    ]),\n",
      "                        random_state=42)\n",
      "\n",
      "Fitted Means:\n",
      "[[ 5.6831  3.5607 -0.0274 -2.3107  4.7316  0.5909]]\n",
      "\n",
      "Fitted Covariances:\n",
      "[[[ 0.1071 -0.0003  0.0123  0.0333  0.0036 -0.0033]\n",
      "  [-0.0003  0.009  -0.0105  0.0144 -0.0268  0.0236]\n",
      "  [ 0.0123 -0.0105  0.4018 -0.186   0.1994 -0.0078]\n",
      "  [ 0.0333  0.0144 -0.186   2.5711 -1.1703  0.5848]\n",
      "  [ 0.0036 -0.0268  0.1994 -1.1703  0.778  -0.4907]\n",
      "  [-0.0033  0.0236 -0.0078  0.5848 -0.4907  0.4298]]]\n",
      "RRLYR\n",
      "{'CompleteName': 'RR Lyrae Variables', 'max_period': 1.0, 'min_period': 0.2, 'RRab': {'Period': [0.3, 0.9], 'teff_val': [6200, 6800], 'FeH_J95': [-1.0, 0.5], 'abs_Gmag': [0.3, 1.0], 'radius_val': [0.6, 0.8], 'logg': [2.5, 3.5], 'Midpoints': {'Period': 0.6, 'teff_val': 6500, 'FeH_J95': -0.25, 'abs_Gmag': 0.65, 'radius_val': 0.7, 'logg': 3.0}}, 'RRc': {'Period': [0.2, 0.5], 'teff_val': [6400, 7000], 'FeH_J95': [-0.9, 0.4], 'abs_Gmag': [0.4, 1.1], 'radius_val': [0.7, 0.9], 'logg': [2.4, 3.4], 'Midpoints': {'Period': 0.35, 'teff_val': 6700, 'FeH_J95': -0.25, 'abs_Gmag': 0.75, 'radius_val': 0.8, 'logg': 2.9}}, 'RRd': {'Period': [0.74, 0.75], 'teff_val': [6200, 7000], 'FeH_J95': [-1.1, 0.3], 'abs_Gmag': [0.3, 1.0], 'radius_val': [0.65, 0.85], 'logg': [2.6, 3.6], 'Midpoints': {'Period': 0.745, 'teff_val': 6600, 'FeH_J95': -0.4, 'abs_Gmag': 0.65, 'radius_val': 0.75, 'logg': 3.1}}}\n",
      "[[-0.5108  8.7796 -0.25    0.65   -0.3567  3.    ]\n",
      " [-1.0498  8.8099 -0.25    0.75   -0.2231  2.9   ]\n",
      " [-0.2944  8.7948 -0.4     0.65   -0.2877  3.1   ]]\n",
      "3\n",
      "<src.gmm.bgmm.BayesianGaussianMixtureModel object at 0x7fee0831e790>\n",
      "Hyperparameters:\n",
      "BayesianGaussianMixture(max_iter=5000,\n",
      "                        mean_prior=array([-0.6183,  8.7947, -0.3   ,  0.6833, -0.2892,  3.    ]),\n",
      "                        n_components=3, random_state=42)\n",
      "\n",
      "Fitted Means:\n",
      "[[-0.7362  3.6227 -1.7233  7.4219 -0.4462  4.4166]\n",
      " [-0.7825  3.7335 -2.9479  5.8686 -0.3641  4.5768]\n",
      " [-0.7836  3.8451 -1.3124  2.4865  0.7175  3.8863]]\n",
      "\n",
      "Fitted Covariances:\n",
      "[[[ 0.0694  0.0002  0.0195 -0.0227  0.0123 -0.0079]\n",
      "  [ 0.0002  0.0238 -0.0188 -0.0645  0.007  -0.0075]\n",
      "  [ 0.0195 -0.0188  1.3869  0.3888 -0.0225  0.0737]\n",
      "  [-0.0227 -0.0645  0.3888  1.1468 -0.2915  0.1365]\n",
      "  [ 0.0123  0.007  -0.0225 -0.2915  0.0961 -0.0505]\n",
      "  [-0.0079 -0.0075  0.0737  0.1365 -0.0505  0.0509]]\n",
      "\n",
      " [[ 0.0915  0.0012 -0.0011 -0.0589  0.0228 -0.0146]\n",
      "  [ 0.0012  0.0125 -0.0167 -0.0363  0.0045 -0.0056]\n",
      "  [-0.0011 -0.0167  1.237   0.3542 -0.057   0.0298]\n",
      "  [-0.0589 -0.0363  0.3542  0.771  -0.2265  0.1418]\n",
      "  [ 0.0228  0.0045 -0.057  -0.2265  0.0827 -0.053 ]\n",
      "  [-0.0146 -0.0056  0.0298  0.1418 -0.053   0.0356]]\n",
      "\n",
      " [[ 0.1257 -0.0117 -0.0462  0.098   0.0077 -0.0249]\n",
      "  [-0.0117  0.0424 -0.0097 -0.0363 -0.0484  0.0393]\n",
      "  [-0.0462 -0.0097  1.5334 -0.4877  0.2964 -0.1467]\n",
      "  [ 0.098  -0.0363 -0.4877  1.9747 -0.8575  0.564 ]\n",
      "  [ 0.0077 -0.0484  0.2964 -0.8575  0.6135 -0.4746]\n",
      "  [-0.0249  0.0393 -0.1467  0.564  -0.4746  0.3934]]]\n",
      "T2CEP\n",
      "{'CompleteName': 'Type II Cepheids', 'max_period': 150, 'min_period': 1, 'BL Herculis': {'Period': [1, 4], 'teff_val': [5500, 7000], 'FeH_J95': [-0.5, 0.3], 'abs_Gmag': [0.7, 1.5], 'radius_val': [5, 10], 'logg': [1.0, 2.0], 'Midpoints': {'Period': 2.5, 'teff_val': 6250, 'FeH_J95': -0.1, 'abs_Gmag': 1.1, 'radius_val': 7.5, 'logg': 1.5}}, 'W Virginis': {'Period': [10, 20], 'teff_val': [4500, 6000], 'FeH_J95': [-0.7, 0.1], 'abs_Gmag': [0.5, 1.2], 'radius_val': [15, 25], 'logg': [0.5, 1.5], 'Midpoints': {'Period': 15, 'teff_val': 5250, 'FeH_J95': -0.3, 'abs_Gmag': 0.85, 'radius_val': 20, 'logg': 1.0}}, 'RV Tauri': {'Period': [30, 150], 'teff_val': [4500, 6500], 'FeH_J95': [-0.8, 0], 'abs_Gmag': [0.3, 1.4], 'radius_val': [30, 40], 'logg': [0.2, 0.8], 'Midpoints': {'Period': 90, 'teff_val': 5500, 'FeH_J95': -0.4, 'abs_Gmag': 0.85, 'radius_val': 35, 'logg': 0.5}}}\n",
      "[[ 0.9163  8.7403 -0.1     1.1     2.0149  1.5   ]\n",
      " [ 2.7081  8.566  -0.3     0.85    2.9957  1.    ]\n",
      " [ 4.4998  8.6125 -0.4     0.85    3.5553  0.5   ]]\n",
      "3\n",
      "<src.gmm.bgmm.BayesianGaussianMixtureModel object at 0x7fed5f4dd210>\n",
      "Hyperparameters:\n",
      "BayesianGaussianMixture(max_iter=5000,\n",
      "                        mean_prior=array([ 2.7081,  8.6396, -0.2667,  0.9333,  2.8553,  1.    ]),\n",
      "                        n_components=3, random_state=42)\n",
      "\n",
      "Fitted Means:\n",
      "[[ 2.4749  3.7779 -0.3842  0.8054  1.7977  3.1143]\n",
      " [ 1.5326  3.7457 -0.9554  3.2935  0.782   3.6928]\n",
      " [ 1.2928  3.74   -1.7702  5.4425 -0.1816  4.4802]]\n",
      "\n",
      "Fitted Covariances:\n",
      "[[[ 0.9874 -0.0183  0.1699 -0.5276  0.3397 -0.2376]\n",
      "  [-0.0183  0.0283 -0.0228 -0.0328 -0.0452  0.0463]\n",
      "  [ 0.1699 -0.0228  0.5801 -0.0691  0.1495 -0.0924]\n",
      "  [-0.5276 -0.0328 -0.0691  1.9108 -0.7994  0.4926]\n",
      "  [ 0.3397 -0.0452  0.1495 -0.7994  0.6011 -0.4672]\n",
      "  [-0.2376  0.0463 -0.0924  0.4926 -0.4672  0.3934]]\n",
      "\n",
      " [[ 1.0388  0.0166  0.0008  0.0667 -0.0639  0.0517]\n",
      "  [ 0.0166  0.0419 -0.0298 -0.0183  0.0081 -0.016 ]\n",
      "  [ 0.0008 -0.0298  1.128   0.1261  0.1109 -0.0567]\n",
      "  [ 0.0667 -0.0183  0.1261  0.1904 -0.099   0.0926]\n",
      "  [-0.0639  0.0081  0.1109 -0.099   0.0935 -0.0778]\n",
      "  [ 0.0517 -0.016  -0.0567  0.0926 -0.0778  0.0679]]\n",
      "\n",
      " [[ 0.8794  0.0009  0.3873 -0.2511  0.1341 -0.0826]\n",
      "  [ 0.0009  0.0291 -0.0176 -0.0567  0.0136 -0.0131]\n",
      "  [ 0.3873 -0.0176  1.7464 -0.1506  0.1879 -0.1224]\n",
      "  [-0.2511 -0.0567 -0.1506  0.8698 -0.2295  0.112 ]\n",
      "  [ 0.1341  0.0136  0.1879 -0.2295  0.1216 -0.0834]\n",
      "  [-0.0826 -0.0131 -0.1224  0.112  -0.0834  0.0653]]]\n"
     ]
    }
   ],
   "source": [
    "prior = True\n",
    "bgmm.fit_gaussians(prior, columns= ['Type','Period', 'teff_val', '[Fe/H]_J95', 'abs_Gmag', 'radius_val', 'logg'])\n"
   ]
  },
  {
   "cell_type": "code",
   "execution_count": 6,
   "id": "002ff2fa-e303-4602-a6ff-a18227a5fc75",
   "metadata": {
    "tags": []
   },
   "outputs": [
    {
     "name": "stdout",
     "output_type": "stream",
     "text": [
      "##################################################\n",
      "star_class:  RRLYR\n",
      "Initialization\n",
      "sampler creation\n",
      "Synthetic batcher creation\n",
      "model loading,  /home/franciscoperez/Documents/GitHub/CNN-PELSVAE2/cnn-pels-vae/models/bgm_model_RRLYR_priors_True_PP_6.pkl\n",
      "Trying samples\n",
      "16\n",
      "loading model:  /home/franciscoperez/Documents/GitHub/CNN-PELSVAE2/cnn-pels-vae/models/bgm_model_RRLYR_priors_True_PP_6.pkl\n",
      "BayesianGaussianMixture(max_iter=5000,\n",
      "                        mean_prior=array([-0.6183,  8.7947, -0.3   ,  0.6833, -0.2892,  3.    ]),\n",
      "                        n_components=3, random_state=42)\n",
      "[0.2773 0.5339 0.1889]\n",
      "Model loaded:  BayesianGaussianMixture(max_iter=5000,\n",
      "                        mean_prior=array([-0.6183,  8.7947, -0.3   ,  0.6833, -0.2892,  3.    ]),\n",
      "                        n_components=3, random_state=42)\n",
      "[[-0.7362  3.6227 -1.7233  7.4219 -0.4462  4.4166]\n",
      " [-0.7825  3.7335 -2.9479  5.8686 -0.3641  4.5768]\n",
      " [-0.7836  3.8451 -1.3124  2.4865  0.7175  3.8863]]\n",
      "mode:  two_steps\n",
      "\n",
      "Resampled Samples:\n",
      "[[-0.75    3.6186 -2.397   7.0786 -0.7867  4.8453]\n",
      " [-0.499   3.7811 -3.2587  4.4282  0.2351  4.1824]\n",
      " [-0.7889  3.734  -2.4513  6.7204 -0.6364  4.7505]\n",
      " [-0.6683  3.7591 -1.9284  6.7347 -0.705   4.7861]\n",
      " [-0.7588  3.795  -3.2844  4.995  -0.1701  4.4327]\n",
      " [-0.4497  3.78   -3.7065  4.8698 -0.1024  4.395 ]\n",
      " [-0.781   3.7074 -2.7363  6.3407 -0.3212  4.525 ]\n",
      " [-0.7553  3.7182 -2.518   6.482  -0.5682  4.7005]\n",
      " [-0.9248  3.6112 -2.3365  5.8324 -0.3901  4.6401]\n",
      " [-1.1856  3.8423 -1.2956  0.7483  1.5129  3.3078]\n",
      " [-0.4926  3.6798 -2.384   6.5571 -0.4911  4.6561]\n",
      " [-0.6782  3.6728 -3.5401  5.6088 -0.2986  4.5585]\n",
      " [-0.6996  3.5308 -2.1818  8.0409 -0.6604  4.4556]\n",
      " [-0.4328  3.8134 -3.3036  4.5929  0.0321  4.2817]\n",
      " [-1.0374  3.657  -2.6184  6.0746 -0.3382  4.5668]\n",
      " [-0.7409  3.7582 -2.3469  5.5274 -0.1644  4.4236]]\n"
     ]
    },
    {
     "data": {
